3759 144 109-126 18
3760 128  97-112 16
3761 112  85-98	 14
3762  96  73-84  12
3763  96  73-84  12
3764 128  97-112 16
3765  96  
3766  96 
3767  88  
3768 120 
3769 144 
3770  96
3771 112
3772 112 
3773  48 37-42 6
3774  96 
3775  80 61-70 10
3776  96 
3777  72 55-63 9
3778  64 49-56 8
3779  56 43-49 7
3780  96 
3781 160 121-140 20
3782 128 
3783  96 
3784  96
3785 104 97-91 13
3786 128 
3787 112 
3788  88 67-77 11
3789  88 
3790  88 
3791  88 
3792 120 91-105 15
3793 120 
3794  88 
3795  88 
3796  88
3797  88 
3798 120 
3799 120 
3800 120 
3801 120
3802  72 